op.14_1 = 
[ [4, 12, 2], [5, 5, 2]; 
[5, 2, 2], [5, 6, 2]; 
[5, 4, 2], [5, 12, 2]; 
[5, 12, 1.5], [6, 2, 0.25], [6, 4, 0.25], [6, 5, 1], [0, 0, 1] ]

op.14_2 = 
[ [0, 0, 0.5], [3, 12, 0.5], [4, 9, 0.5], [4, 5, 0.5], [4, 10, 0.5], [4, 7, 0.5], [4, 3, 0.5], [4, 12, 0.5]; 
[0, 0, 0.5], [4, 12, 0.5], [5, 9, 0.5], [5, 5, 0.5], [5, 10, 0.5],  [5, 7, 0.5], [5, 4, 0.5], [5, 12, 0.5]; 
[5, 12, 1.5], [5, 10, 0.25], [5, 9, 0.25], [5, 7, 0.5], [5, 5, 0.5], [5, 4, 0.5], [5, 2, 0.5];
[4, 12, 1], [4, 8, 1], [4, 7, 2] ]


op.50_1 = 
[ [5, 6, 2], [5, 10, 0.75], [5, 8, 0.25], [5, 11, 0.75], [5, 8, 0.25]; 
[5, 6, 1], [5, 6, 0.25], [5, 5, 0.25], [5, 8, 0.25], [5, 5, 0.25], [5, 1, 1], [0, 0, 0.5], [5, 1, 0.5]; 
[5, 6, 1], [5, 8, 0.25], [5, 7, 0.25], [5, 8, 0.25], [5, 9, 0.25], [5, 10, 1], [5, 11, 0.25], [5, 10, 0.25], [5, 12, 0.25], [6, 3, 0.25];
[5, 10, 1], [5, 10, 0.25], [5, 11, 0.25], [5, 12, 0.25], [6, 1, 0.25], [5, 8, 1], [0, 0, 0.5], [5, 1, 0.5] ]

op.50_2 = 
[ [5, 11, 1.5], [5, 8, 0.5], [5, 5, 0.5], [5, 6, 0.5], [5, 5, 0.5], [5, 6, 0.5]; 
[5, 11, 1.5], [5, 8, 0.5], [5, 5, 0.5], [6, 1, 0.5], [5, 12, 0.5], [6, 1, 0.5]; 
[6, 3, 1.5], [6, 5, 0.25], [6, 6, 0.25], [5, 6, 1.5], [5, 10, 0.25], [5, 8, 0.25]; 
[5, 8, 1.5], [6, 1, 0.25], [5, 5, 0.25], [5, 6, 0.5], [0, 0, 1.5] ]


op.49_1 =
[ [5, 3, 1], [5, 2, 1], [5, 3, 1], [5, 5, 1];
[5, 8, 0.5], [5, 7, 0.5], [5, 5, 1], [0, 0, 0.5], [4, 10, 0.5], [4, 10, 0.5], [4, 10, 0.5];
[5, 5, 1], [5, 3, 1], [5, 5, 1], [5, 7, 1];
[5, 10, 0.5], [5, 8, 0.5], [5, 7, 1], [0, 0, 0.5], [5, 10, 0.5], [5, 8, 0.5], [5, 7, 0.5] ]

op.49_2 = 
[ [5, 7, 0.5], [5, 5, 0.5], [5, 5, 0.5], [5, 5, 0.5], [5, 3, 0.5], [5, 10, 0.5], [5, 8, 0.5], [5, 7, 0.5];
[5, 7, 0.5], [5, 5, 0.5], [5, 5, 0.5], [5, 5, 0.5], [5, 3, 0.5], [5, 10, 0.5], [5, 8, 0.5], [5, 7, 0.5];
[5, 7, 0.5], [5, 5, 0.5], [0, 0, 0.5], [5, 5, 0.5], [5, 5, 0.5], [5, 3, 0.5], [0, 0, 0.5], [5, 3, 0.5];
[5, 3, 0.5], [5, 2, 0.5], [4, 12, 0.5], [4, 10, 0.5], [4, 9, 0.5], [4, 10, 0.5], [4, 12, 0.5], [5, 2, 0.5] ]


rhy_K309_1
[ [5,1,2],[4,8,2];
[5,5,1.5],[5,6,0.25],[5,3,0.25],[5,1,1],[0,0,1];
[5,8,1],[5,8,1],[0,0,1],[5,10,1];
[5,6,1],[5,6,1],[0,0,1],[5,8,1] ]

rhy_K309_2
[ [5,5,1],[5,5,1],[0,0,1],[5,8,0.5],[5,5,0.5];
[5,2,0.5],[5,3,0.5],[5,6,0.5],[5,5,0.5],[5,2,0.5],[5,3,0.5],[5,6,0.5],[5,5,0.5];
[5,2,0.5],[5,3,0.5],[5,6,0.5],[5,10,0.5],[5,8,0.5],[5,5,0.5],[5,6,0.5],[5,3,0.5];
[5, 1, 2], [4, 8, 2] ]


rhy_op40_1
[ [0,0,2],[4,8,1],[4,7,1];
[4,8,1.5],[4,10,0.5],[4,12,1],[5,3,0.75],[5,1,0.25];
[4,12,1],[4,10,0.5],[0,0,0.5],[4,12,1], [4, 12, 1];
[4,12,1.5],[5,5,0.5],[5,3,1],[5,2,1] ]

rhy_op40_2
[0,0,0.5], [4, 3, 0.5], [4, 7, 0.5], [4, 8, 0.5], [5,3,1],[5,2,1];
[5,1,1],[4,12,1],[4,10,1.5],[4,8,0.5];
[4,8,1],[4,7,1],[4,8,1],[4,9,1];
[4,10,1],[5,5,0.5],[0,0,0.5],[4,8,1],[4,12,0.75],[4,10,0.25];


huanlesong_1 = 
[ [4,5,1],[4,5,1],[4,6,1],[4,8,1];
  [4,8,1],[4,6,1],[4,5,1],[4,3,1];
  [4,1,1],[4,1,1],[4,3,1],[4,5,1];
  [4,5,1.5],[4,3,0.5],[4,3,2] ]

huanlesong_2 = 
[ [4,5,1],[4,5,1],[4,6,1],[4,8,1];
  [4,8,1],[4,6,1],[4,5,1],[4,3,1];
  [4,1,1],[4,1,1],[4,3,1],[4,5,1];
  [4,3,1.5],[4,1,0.5],[4,1,2] ]

huanlesong_3 = 
[ [4,3,1],[4,3,1],[4,5,1],[4,1,1];
  [4,3,1],[4,5,0.5],[4,6,0.5],[4,5,1],[4,1,1];
  [4,3,1],[4,5,0.5],[4,6,0.5],[4,5,1],[4,3,1];
  [4,1,1],[4,3,1],[3,5,2] ]


op.13_1 = 
[ [5, 4, 1.5], [5, 6, 0.5], [5, 3, 1.5], [5, 4, 0.5];
[5, 1, 2], [5, 1, 0.5], [4, 12, 0.5], [5, 1, 0.5], [5, 3, 0.5];
[5, 4, 0.5], [5, 3, 0.5], [5, 4, 0.5], [5, 6, 0.5], [5, 8, 1], [5, 8, 1];
[5, 8, 3], [5, 6, 0.5], [5, 8, 0.5];

op13_2=
[ [5, 9, 2], [5, 3, 1], [5, 4, 0.5], [5, 6, 0.5];
[5, 8, 2], [5, 1, 1], [5, 1, 0.5], [5, 3, 0.5];
[5, 4, 1], [5, 4, 0.5], [5, 6, 0.5], [5, 3, 1], [5, 3, 0.5], [5, 4, 0.5];
[5, 1, 1], [0, 0, 2], [5, 6, 0.5], [5, 8, 0.5] ]


k281_1 = 
[ [0, 0, 2], [5, 6, 1], [5, 8, 1];
[5, 4, 1], [5, 3, 0.5], [5, 1, 0.5], [5, 4, 1], [5, 6, 1];
[5, 3, 1], [5, 1, 0.5], [4, 11, 0.5], [5, 6, 1], [5, 11, 1];
[5, 10, 0.5], [5, 8, 0.5], [5, 8, 0.5], [5, 6, 0.5], [5, 6, 0.5], [5, 4, 0.5], [5, 4, 0.5], [5, 3, 0.5] ]

k281_2 = 
[ [5, 3, 1], [5, 1, 1], [5, 6, 0.5], [5, 4, 0.5], [5, 6, 0.6], [5, 8, 0.5];
[5, 4, 1], [5, 3, 0.5], [5, 1, 0.5], [5, 4, 0.5], [5, 3, 0.5], [5, 4, 0.5], [5, 6, 0.5];
[5, 3, 1], [5, 1, 0.5], [4, 11, 0.5], [4, 11, 0.5], [5, 3, 0.5], [5, 6, 0.5], [5, 11, 0.5];
[5, 11, 0.5], [5, 8, 0.5], [5, 4, 0.5], [5, 1, 0.5], [5, 1, 2] ]
